474.49
470.42
464.6
451.2
449.58
445.73
448.32
450.76
457.21
459.2
461.98
464.76
467.3
475.1
484.06
488.39
486.77
485.45
486.38
489.25
489.07
481.94
461.86
465.77
466.53
471.8
473.65
473.8
472.95
483.82
490.61
478.02
475.26
478.02
476.06
479.9
481.4
537.07
548.46
558.43
562.68
560.82
562.05
563.83
562.37
557.2
554.37
554.98
555.74
558.1
557
549
564.34
580.32
577.46
569.66
567.32
578.89
579.82
583.27
592.33
590.01
595.16
599.5
615.08
592
593.56
595.9
600.84
600.37
596.27
607.21
607.35
603.82
610.45
608
618.34
622.33
621
623.16
619.18
610.73
601.59
605.57
605.51
611.5
616.58
622.71
628.11
615.63
609.34
617.24
618.92
603.87
607.5
607.71
605.44
552.16
542.01
555.28
551.3
545.71
553.19
554.24
549.38
544.25
555.59
565.16
580.25
591.32
601.63
605.75
605.06
606.83
608.4
609.1
609.09
614.71
619.52
634.22
638.12
630
637.6
643.03
643.89
644.73
628.3
627.27
626.44
628.25
644.24
640.24
635.59
640.52
643.11
642.35
652.64
665.11
674.64
673.72
678.1
664.5
662.3
670.02
678.14
673.08
663.78
670.07
675.5
677.23
681.49
684.72
673.16
647.44
643.71
646.63
649.13
639.47
639.17
629.12
632.6
641
632.67
621.7
629.77
623.93
617
622.58
617.61
608.35
587.04
600.62
610.64
616.02
622.99
627.07
635.5
648.7
659.8
665.36
672.91
688.25
691.38
686.24
678.63
681.64
686.92
677.1
686.07
688.16
671.01
673.06
671.86
662.34
672.14
665.81
660.8
682.2
680
688.63
698.37
688
695.37
696.31
699.16
704.45
716.21
701.72
701.25
702.82
698.59
704.69
700
708.82
696.43
703.55
718.87
722.5
721.22
711.31
699.78
697.82
677.88
736.23
756.6
761.12
744.26
746.25
753.53
747.88
748.01
752.28
752.23
747.77
749.69
756.27
757.38
779.94
788.65
795.57
803.75
820.54
830.02
816.49
809.33
839.16
868.4
877.24
893
864.22
867.25
858.91
876.68
